0	  102 0
1	  102 -5
2	  103 -8
3	  103 -5
4	  103 2
5	  103 4
6	  103 12
7	  104 -17
8	  104 -25
9	  105 25
10	  105 16
11	  105 -13
12	  105 -6
13	  106 -3
14	  107 -6
15	  107 -11
16	  107 -10
17	  107 -10
18	  107 -11
19	  108 -11
20	  107 -11
21	  108 -12
22	  108 -11
23	  109 -11
24	  109 -11
25	  109 -12
26	  110 -12
27	  110 -12
28	  111 -12
29	  111 -14
30	  111 -13
31	  112 -13
32	  112 -13
33	  112 -13
34	  113 -14
35	  113 -14
36	  113 -15
37	  114 -15
38	  113 -15
39	  114 -16
40	  114 -16
41	  115 -16
42	  115 -16
43	  116 -16
44	  115 -17
45	  116 -16
46	  117 -16
47	  117 -17
48	  116 -18
49	  118 -14
50	  118 -17
51	  117 -16
52	  118 -15
53	  119 -16
54	  119 -15
55	  119 -14
56	  119 -16
57	  119 -15
58	  120 -13
59	  120 -14
60	  120 -16
61	  121 -15
62	  122 -14
63	  122 -15
64	  122 -15
65	  122 -15
66	  122 -15
67	  123 -14
68	  123 -15
69	  124 -15
70	  124 -16
71	  124 -15
72	  124 -17
73	  125 -17
74	  125 -17
75	  126 -17
76	  125 -17
77	  126 -17
78	  126 -16
79	  126 -16
80	  127 -17
81	  127 -17
82	  127 -17
83	  128 -17
84	  128 -17
85	  128 -18
86	  128 -16
87	  129 -15
88	  129 -14
89	  130 -13
90	  130 -13
91	  130 -13
92	  131 -12
93	  131 -12
94	  131 -13
95	  132 -12
96	  132 -11
97	  132 -11
98	  133 -12
99	  133 -12
100	  133 -12
101	  133 -11
102	  134 -13
103	  134 -13
104	  134 -13
105	  135 -13
106	  135 -14
107	  135 -13
108	  136 -13
109	  135 -13
110	  136 -13
111	  136 -13
112	  137 -13
113	  137 -14
114	  137 -13
115	  137 -15
116	  138 -14
117	  138 -15
118	  138 -15
119	  139 -16
120	  139 -15
121	  139 -15
122	  140 -15
123	  140 -16
124	  141 -16
125	  141 -16
126	  141 -17
127	  141 -17
128	  142 -15
129	  142 -15
130	  142 -15
131	  142 -15
132	  143 -15
133	  143 -14
134	  143 -14
135	  144 -14
136	  143 -13
137	  144 -13
138	  144 -13
139	  145 -14
140	  144 -14
141	  146 -13
142	  145 -13
143	  146 -14
144	  146 -14
145	  146 -14
146	  147 -14
147	  147 -14
148	  147 -15
149	  148 -15
150	  148 -15
151	  148 -15
152	  148 -16
153	  148 -15
154	  149 -17
155	  149 -16
156	  149 -17
157	  149 -17
158	  150 -17
159	  151 -17
160	  151 -18
161	  151 -18
162	  151 -18
163	  151 -17
164	  152 -17
165	  152 -18
166	  153 -18
167	  152 -18
168	  153 -17
169	  153 -18
170	  154 -18
171	  153 -18
172	  153 -18
173	  155 -20
174	  154 -18
175	  154 -19
176	  155 -19
177	  155 -19
178	  156 -18
179	  156 -18
180	  156 -18
181	  156 -18
182	  157 -16
183	  157 -18
184	  157 -18
185	  157 -16
186	  158 -16
187	  158 -16
188	  158 -16
189	  159 -17
190	  159 -17
191	  159 -16
192	  159 -16
193	  160 -17
194	  159 -17
195	  160 -17
196	  161 -16
197	  161 -18
198	  161 -16
199	  161 -17
200	  162 -17
201	  162 -17
202	  162 -17
203	  163 -18
204	  162 -19
205	  163 -17
206	  162 -17
207	  163 -18
208	  164 -18
209	  163 -18
210	  164 -18
211	  164 -18
212	  164 -17
213	  164 -18
214	  165 -17
215	  165 -19
216	  165 -17
217	  165 -18
218	  165 -18
219	  166 -19
220	  166 -18
221	  167 -19
222	  167 -19
223	  168 -18
224	  167 -18
225	  168 -17
226	  168 -17
227	  168 -16
228	  168 -16
229	  169 -16
230	  169 -16
231	  169 -15
232	  169 -16
233	  170 -15
234	  170 -16
235	  169 -15
236	  170 -16
237	  171 -16
238	  171 -15
239	  171 -15
240	  171 -15
241	  171 -15
242	  172 -14
243	  172 -14
244	  172 -15
245	  172 -16
246	  173 -15
247	  172 -16
248	  173 -17
249	  173 -17
250	  174 -17
251	  174 -17
252	  174 -18
253	  174 -18
254	  174 -18
255	  175 -17
256	  175 -18
257	  175 -17
258	  175 -17
259	  175 -17
260	  176 -17
261	  176 -17
262	  176 -18
263	  176 -18
264	  177 -17
265	  176 -17
266	  177 -18
267	  178 -18
268	  178 -18
269	  177 -18
270	  177 -18
271	  178 -18
272	  178 -18
273	  179 -17
274	  179 -19
275	  179 -18
276	  179 -17
277	  179 -17
278	  179 -19
279	  179 -19
280	  180 -18
281	  180 -18
282	  181 -18
283	  180 -18
284	  180 -17
285	  181 -17
286	  182 -16
287	  182 -16
288	  182 -16
289	  182 -16
290	  181 -16
291	  182 -15
292	  182 -15
293	  183 -16
294	  183 -15
295	  183 -16
296	  183 -16
297	  183 -16
298	  184 -17
299	  184 -17
300	  184 -17
301	  184 -17
302	  185 -17
303	  185 -18
304	  185 -18
305	  185 -18
306	  185 -18
307	  185 -19
308	  186 -19
309	  185 -20
310	  186 -20
311	  186 -19
312	  186 -19
313	  186 -20
314	  186 -20
315	  187 -20
316	  187 -21
317	  186 -21
318	  187 -20
319	  187 -21
320	  188 -21
321	  188 -21
322	  187 -21
323	  188 -21
324	  188 -20
325	  188 -20
326	  188 -21
327	  188 -20
328	  189 -20
329	  189 -20
330	  189 -20
331	  189 -20
332	  190 -20
333	  190 -20
334	  190 -20
335	  190 -21
336	  190 -21
337	  190 -20
338	  190 -20
339	  190 -21
340	  190 -21
341	  190 -21
342	  191 -21
343	  191 -21
344	  191 -21
345	  191 -21
346	  191 -21
347	  191 -21
348	  192 -21
349	  192 -21
350	  192 -21
351	  192 -19
352	  193 -18
353	  193 -18
354	  193 -17
355	  192 -17
356	  193 -17
357	  193 -17
358	  193 -17
359	  193 -18
360	  194 -17
361	  194 -16
362	  194 -15
363	  194 -17
364	  194 -17
365	  194 -17
366	  195 -16
367	  195 -18
368	  195 -18
369	  195 -17
370	  195 -16
371	  195 -17
372	  195 -17
373	  195 -17
374	  196 -17
375	  196 -17
376	  195 -17
377	  195 -17
378	  196 -17
379	  196 -17
380	  196 -17
381	  196 -18
382	  197 -19
383	  197 -17
384	  196 -17
385	  197 -20
386	  197 -20
387	  196 -18
388	  197 -19
389	  197 -20
390	  197 -20
391	  197 -20
392	  198 -20
393	  197 -20
394	  197 -20
395	  197 -20
396	  198 -20
397	  198 -20
398	  198 -20
399	  198 -20
400	  198 -20
401	  198 -19
402	  198 -20
403	  199 -20
404	  199 -20
405	  199 -19
406	  199 -19
407	  199 -19
408	  199 -19
409	  199 -19
410	  199 -19
411	  199 -19
412	  199 -19
413	  200 -19
414	  199 -19
415	  200 -19
416	  199 -19
417	  199 -19
418	  200 -19
419	  200 -19
420	  200 -20
421	  200 -19
422	  200 -19
423	  200 -19
424	  200 -19
425	  201 -20
426	  200 -21
427	  201 -19
428	  201 -19
429	  200 -20
430	  200 -20
431	  201 -20
432	  201 -20
433	  201 -20
434	  201 -20
435	  201 -20
436	  201 -20
437	  201 -20
438	  201 -20
439	  202 -20
440	  202 -20
441	  202 -20
442	  201 -20
443	  201 -20
444	  201 -20
445	  202 -20
446	  201 -20
447	  202 -20
448	  202 -19
449	  202 -19
450	  202 -19
451	  202 -20
452	  202 -20
453	  202 -20
454	  202 -19
455	  202 -20
456	  202 -19
457	  202 -19
458	  202 -19
459	  203 -19
460	  203 -19
461	  203 -19
462	  203 -19
463	  202 -19
464	  203 -19
465	  202 -19
466	  203 -20
467	  203 -20
468	  203 -20
469	  203 -20
470	  203 -20
471	  203 -21
472	  203 -20
473	  203 -21
474	  203 -20
475	  203 -21
476	  203 -20
477	  202 -21
478	  203 -21
479	  203 -21
480	  203 -21
481	  203 -21
482	  203 -21
483	  203 -21
484	  203 -20
485	  203 -21
486	  203 -21
487	  203 -21
488	  203 -20
489	  203 -21
490	  203 -21
491	  203 -21
492	  203 -21
493	  204 -21
494	  203 -21
495	  203 -21
496	  204 -21
497	  203 -21
498	  203 -21
499	  203 -21
500	  204 -21
501	  203 -21
502	  204 -20
503	  203 -21
504	  203 -21
505	  203 -20
506	  204 -21
507	  203 -21
508	  203 -21
509	  204 -20
510	  203 -21
511	  204 -20
512	  203 -21
513	  204 -21
514	  203 -21
515	  203 -20
516	  204 -21
517	  203 -21
518	  203 -20
519	  203 -21
520	  203 -20
521	  203 -21
522	  203 -20
523	  203 -21
524	  203 -21
525	  203 -20
526	  203 -21
527	  203 -21
528	  203 -21
529	  203 -21
530	  203 -21
531	  203 -21
532	  203 -21
533	  202 -21
534	  203 -21
535	  203 -21
536	  203 -21
537	  203 -21
538	  202 -21
539	  203 -21
540	  203 -20
541	  203 -21
542	  202 -21
543	  202 -21
544	  202 -20
545	  202 -20
546	  202 -21
547	  202 -21
548	  202 -21
549	  202 -19
550	  202 -20
551	  202 -20
552	  202 -20
553	  201 -19
554	  202 -19
555	  202 -19
556	  202 -19
557	  202 -19
558	  201 -19
559	  201 -19
560	  201 -19
561	  201 -19
562	  201 -20
563	  201 -19
564	  201 -19
565	  201 -19
566	  201 -19
567	  201 -20
568	  201 -20
569	  201 -20
570	  200 -20
571	  200 -20
572	  201 -20
573	  201 -20
574	  200 -20
575	  200 -20
576	  200 -20
577	  201 -20
578	  200 -20
579	  200 -20
580	  200 -20
581	  200 -20
582	  200 -20
583	  200 -20
584	  200 -20
585	  200 -20
586	  199 -20
587	  199 -20
588	  199 -20
589	  199 -20
590	  200 -20
591	  199 -20
592	  199 -20
593	  199 -19
594	  199 -19
595	  199 -20
596	  199 -20
597	  199 -20
598	  199 -19
599	  198 -18
600	  199 -19
601	  199 -20
602	  198 -19
603	  198 -19
604	  198 -19
605	  198 -19
606	  198 -19
607	  197 -19
608	  197 -19
609	  197 -19
610	  197 -19
611	  198 -19
612	  197 -19
613	  197 -19
614	  197 -19
615	  196 -19
616	  196 -20
617	  196 -20
618	  196 -20
619	  196 -20
620	  196 -19
621	  196 -20
622	  195 -20
623	  196 -20
624	  196 -20
625	  195 -20
626	  195 -20
627	  195 -20
628	  195 -20
629	  195 -19
630	  195 -19
631	  195 -21
632	  195 -18
633	  195 -17
634	  194 -19
635	  194 -18
636	  194 -17
637	  194 -17
638	  194 -17
639	  194 -17
640	  193 -17
641	  193 -17
642	  194 -17
643	  193 -17
644	  193 -17
645	  193 -17
646	  193 -17
647	  192 -17
648	  193 -17
649	  192 -18
650	  193 -18
651	  192 -17
652	  192 -18
653	  192 -18
654	  191 -17
655	  191 -18
656	  191 -17
657	  191 -19
658	  191 -18
659	  191 -19
660	  190 -19
661	  190 -20
662	  191 -18
663	  190 -19
664	  190 -18
665	  190 -19
666	  190 -19
667	  190 -20
668	  190 -20
669	  189 -21
670	  189 -21
671	  189 -20
672	  189 -21
673	  189 -21
674	  188 -21
675	  188 -21
676	  188 -21
677	  188 -21
678	  188 -21
679	  187 -21
680	  187 -21
681	  187 -20
682	  187 -20
683	  187 -21
684	  187 -21
685	  187 -20
686	  186 -20
687	  186 -19
688	  186 -19
689	  186 -19
690	  186 -19
691	  185 -19
692	  186 -19
693	  185 -19
694	  185 -19
695	  184 -20
696	  185 -20
697	  185 -20
698	  184 -20
699	  184 -20
700	  184 -20
701	  183 -20
702	  184 -19
703	  183 -20
704	  183 -21
705	  183 -19
706	  183 -18
707	  182 -20
708	  182 -20
709	  182 -18
710	  182 -18
711	  181 -18
712	  182 -18
713	  181 -18
714	  182 -18
715	  181 -17
716	  180 -18
717	  181 -17
718	  180 -16
719	  180 -17
720	  180 -16
721	  179 -16
722	  180 -14
723	  179 -15
724	  179 -14
725	  179 -17
726	  179 -14
727	  179 -17
728	  179 -16
729	  178 -17
730	  178 -17
731	  178 -17
732	  178 -17
733	  177 -18
734	  177 -17
735	  177 -18
736	  176 -18
737	  176 -18
738	  176 -19
739	  176 -19
740	  176 -18
741	  176 -18
742	  175 -18
743	  175 -18
744	  175 -17
745	  174 -18
746	  174 -18
747	  174 -18
748	  174 -18
749	  174 -18
750	  173 -18
751	  174 -18
752	  173 -17
753	  173 -17
754	  172 -18
755	  173 -18
756	  172 -17
757	  172 -17
758	  171 -17
759	  171 -17
760	  171 -17
761	  171 -17
762	  171 -17
763	  171 -18
764	  170 -17
765	  170 -18
766	  170 -18
767	  170 -18
768	  169 -18
769	  169 -19
770	  168 -19
771	  168 -18
772	  168 -17
773	  168 -18
774	  168 -17
775	  168 -16
776	  168 -16
777	  167 -16
778	  167 -16
779	  166 -16
780	  166 -16
781	  166 -16
782	  166 -16
783	  165 -17
784	  165 -16
785	  165 -17
786	  165 -17
787	  165 -17
788	  164 -17
789	  165 -17
790	  164 -17
791	  163 -18
792	  163 -18
793	  163 -18
794	  163 -18
795	  162 -18
796	  163 -17
797	  162 -19
798	  162 -16
799	  162 -17
800	  161 -17
801	  161 -17
802	  161 -16
803	  160 -16
804	  160 -17
805	  160 -16
806	  160 -17
807	  159 -17
808	  160 -17
809	  159 -17
810	  158 -17
811	  159 -16
812	  159 -18
813	  158 -18
814	  158 -17
815	  158 -17
816	  157 -17
817	  157 -17
818	  157 -16
819	  156 -18
820	  156 -17
821	  156 -16
822	  156 -18
823	  155 -17
824	  155 -17
825	  155 -17
826	  154 -16
827	  154 -16
828	  154 -17
829	  154 -17
830	  154 -16
831	  153 -16
832	  153 -16
833	  153 -16
834	  152 -16
835	  152 -18
836	  152 -18
837	  151 -19
838	  151 -19
839	  151 -19
840	  151 -19
841	  150 -18
842	  150 -18
843	  149 -20
844	  149 -20
845	  149 -19
846	  148 -19
847	  149 -19
848	  148 -19
849	  148 -19
850	  147 -19
851	  148 -19
852	  148 -19
853	  147 -19
854	  147 -18
855	  147 -19
856	  146 -18
857	  145 -19
858	  146 -17
859	  145 -17
860	  145 -17
861	  144 -17
862	  144 -17
863	  144 -17
864	  144 -15
865	  144 -17
866	  143 -15
867	  143 -15
868	  143 -14
869	  142 -15
870	  143 -14
871	  142 -14
872	  142 -14
873	  141 -14
874	  141 -14
875	  140 -14
876	  141 -13
877	  140 -14
878	  140 -14
879	  140 -14
880	  139 -13
881	  139 -15
882	  139 -13
883	  138 -14
884	  138 -15
885	  138 -14
886	  137 -15
887	  137 -16
888	  137 -15
889	  136 -16
890	  136 -15
891	  136 -15
892	  135 -16
893	  135 -16
894	  135 -15
895	  135 -15
896	  135 -15
897	  134 -15
898	  133 -16
899	  134 -15
900	  133 -15
901	  132 -15
902	  133 -15
903	  132 -14
904	  132 -14
905	  131 -13
906	  131 -14
907	  131 -13
908	  131 -13
909	  131 -13
910	  130 -14
911	  130 -13
912	  130 -13
913	  130 -13
914	  129 -13
915	  128 -13
916	  128 -12
917	  128 -12
918	  128 -12
919	  127 -13
920	  127 -13
921	  127 -13
922	  127 -13
923	  126 -14
924	  126 -15
925	  125 -16
926	  125 -15
927	  125 -15
928	  125 -16
929	  124 -16
930	  124 -15
931	  123 -16
932	  124 -17
933	  123 -17
934	  122 -18
935	  122 -18
936	  122 -17
937	  122 -17
938	  122 -17
939	  121 -17
940	  121 -17
941	  121 -16
942	  120 -17
943	  119 -17
944	  120 -17
945	  119 -17
946	  119 -17
947	  118 -16
948	  118 -17
949	  118 -15
950	  118 -15
951	  117 -15
952	  117 -16
953	  117 -14
954	  117 -15
955	  116 -15
956	  116 -14
957	  115 -14
958	  115 -13
959	  115 -13
960	  114 -14
961	  114 -15
962	  114 -14
963	  113 -15
964	  113 -15
965	  113 -15
966	  113 -16
967	  112 -16
968	  112 -16
969	  111 -17
970	  111 -16
971	  111 -16
972	  110 -17
973	  111 -17
974	  110 -16
975	  110 -16
976	  110 -16
977	  109 -16
978	  108 -17
979	  108 -15
980	  109 -16
981	  108 -15
982	  107 -15
983	  108 -14
984	  107 -15
985	  107 -13
986	  106 -14
987	  106 -13
988	  106 -13
989	  106 -13
990	  105 -13
991	  105 -13
992	  104 -12
993	  104 -12
994	  104 -12
995	  103 -12
996	  103 -12
997	  103 -11
998	  102 -11
999	  102 -12
1000	  102 -12
1001	  102 -11
1002	  101 -11
1003	  101 -11
1004	  101 -13
1005	  100 -13
1006	  100 -12
1007	  99 -12
1008	  99 -12
1009	  99 -12
1010	  98 -13
1011	  98 -14
1012	  98 -14
1013	  97 -14
1014	  97 -13
1015	  97 -13
1016	  97 -14
1017	  96 -14
1018	  96 -13
1019	  96 -13
1020	  96 -13
1021	  96 -12
1022	  95 -13
1023	  94 -12
1024	  94 -11
1025	  94 -12
1026	  93 -12
1027	  94 -11
1028	  93 -11
1029	  93 -10
1030	  92 -10
1031	  92 -11
1032	  91 -11
1033	  91 -11
1034	  91 -11
1035	  91 -13
1036	  90 -12
1037	  90 -12
1038	  89 -12
1039	  90 -12
1040	  89 -12
1041	  89 -12
1042	  88 -13
1043	  88 -12
1044	  88 -14
1045	  88 -13
1046	  88 -14
1047	  86 -15
1048	  86 -14
1049	  86 -14
1050	  86 -15
1051	  86 -14
1052	  85 -15
1053	  85 -14
1054	  84 -14
1055	  84 -14
1056	  84 -15
1057	  84 -16
1058	  83 -16
1059	  83 -15
1060	  83 -14
1061	  82 -15
1062	  82 -14
1063	  82 -13
1064	  82 -13
1065	  81 -13
1066	  81 -13
1067	  81 -13
1068	  80 -13
1069	  80 -13
1070	  80 -13
1071	  79 -13
1072	  79 -12
1073	  79 -12
1074	  79 -13
1075	  78 -13
1076	  78 -12
1077	  78 -12
1078	  77 -12
1079	  77 -12
1080	  77 -13
1081	  76 -13
1082	  76 -12
1083	  76 -12
1084	  75 -12
1085	  74 -13
1086	  74 -12
1087	  74 -14
1088	  74 -14
1089	  73 -14
1090	  74 -14
1091	  73 -13
1092	  73 -13
1093	  72 -14
1094	  73 -14
1095	  72 -14
1096	  72 -13
1097	  71 -12
1098	  71 -14
1099	  71 -11
1100	  71 -13
1101	  70 -12
1102	  69 -12
1103	  70 -10
1104	  69 -11
1105	  69 -9
1106	  68 -10
1107	  68 -10
1108	  68 -9
1109	  67 -9
1110	  67 -9
1111	  67 -10
1112	  67 -9
1113	  66 -10
1114	  66 -10
1115	  66 -10
1116	  65 -9
1117	  66 -9
1118	  65 -10
1119	  65 -10
1120	  64 -9
1121	  64 -9
1122	  64 -9
1123	  64 -9
1124	  63 -9
1125	  63 -10
1126	  62 -9
1127	  63 -10
1128	  62 -11
1129	  61 -11
1130	  61 -12
1131	  61 -11
1132	  61 -11
1133	  61 -11
1134	  61 -11
1135	  60 -11
1136	  60 -11
1137	  60 -13
1138	  59 -13
1139	  58 -13
1140	  58 -13
1141	  58 -13
1142	  58 -12
1143	  58 -11
1144	  57 -12
1145	  57 -11
1146	  57 -10
1147	  56 -10
1148	  56 -11
1149	  56 -11
1150	  55 -11
1151	  56 -11
1152	  55 -11
1153	  55 -11
1154	  55 -10
1155	  55 -10
1156	  54 -11
1157	  54 -11
1158	  54 -10
1159	  53 -10
1160	  53 -10
1161	  52 -10
1162	  52 -10
1163	  52 -10
1164	  52 -10
1165	  51 -11
1166	  51 -10
1167	  50 -10
1168	  50 -10
1169	  50 -11
1170	  50 -11
1171	  50 -12
1172	  50 -12
1173	  49 -12
1174	  48 -12
1175	  48 -12
1176	  49 -13
1177	  48 -14
1178	  48 -14
1179	  47 -14
1180	  47 -13
1181	  47 -13
1182	  47 -12
1183	  47 -13
1184	  46 -12
1185	  46 -9
1186	  46 -11
1187	  45 -10
1188	  45 -10
1189	  45 -10
1190	  45 -10
1191	  45 -9
1192	  44 -9
1193	  44 -10
1194	  43 -10
1195	  43 -9
1196	  43 -9
1197	  43 -9
1198	  42 -9
1199	  42 -9
1200	  42 -9
1201	  42 -10
1202	  42 -10
1203	  41 -11
1204	  41 -11
1205	  41 -10
1206	  41 -10
1207	  40 -11
1208	  40 -11
1209	  40 -10
1210	  40 -10
1211	  39 -10
1212	  39 -10
1213	  39 -9
1214	  39 -9
1215	  38 -9
1216	  38 -10
1217	  38 -10
1218	  38 -9
1219	  37 -10
1220	  37 -10
1221	  37 -11
1222	  37 -10
1223	  36 -10
1224	  36 -11
1225	  35 -10
1226	  36 -10
1227	  35 -11
1228	  35 -11
1229	  34 -11
1230	  35 -11
1231	  34 -10
1232	  34 -10
1233	  34 -10
1234	  33 -9
1235	  33 -9
1236	  33 -8
1237	  33 -8
1238	  33 -8
1239	  32 -7
1240	  32 -8
1241	  32 -8
1242	  31 -8
1243	  31 -8
1244	  31 -8
1245	  31 -9
1246	  31 -8
1247	  31 -8
1248	  31 -9
1249	  30 -9
1250	  30 -8
1251	  30 -8
1252	  29 -8
1253	  29 -8
1254	  29 -8
1255	  28 -9
1256	  29 -9
1257	  29 -9
1258	  28 -10
1259	  28 -10
1260	  28 -10
1261	  27 -10
1262	  28 -9
1263	  27 -10
1264	  27 -11
1265	  27 -9
1266	  26 -8
1267	  26 -10
1268	  26 -10
1269	  25 -9
1270	  25 -9
1271	  25 -9
1272	  25 -9
1273	  24 -10
1274	  24 -10
1275	  24 -12
1276	  24 -12
1277	  24 -12
1278	  24 -12
1279	  24 -12
1280	  23 -11
1281	  23 -10
1282	  23 -11
1283	  23 -10
1284	  22 -9
1285	  22 -9
1286	  22 -9
1287	  22 -9
1288	  22 -9
1289	  22 -9
1290	  21 -9
1291	  21 -9
1292	  21 -9
1293	  20 -10
1294	  21 -10
1295	  20 -10
1296	  20 -10
1297	  20 -9
1298	  20 -9
1299	  20 -9
1300	  19 -9
1301	  20 -8
1302	  19 -9
1303	  19 -8
1304	  19 -9
1305	  19 -8
1306	  19 -8
1307	  18 -8
1308	  18 -8
1309	  18 -8
1310	  17 -8
1311	  17 -8
1312	  18 -8
1313	  17 -8
1314	  17 -8
1315	  17 -8
1316	  17 -9
1317	  16 -8
1318	  16 -8
1319	  16 -9
1320	  16 -8
1321	  16 -7
1322	  15 -7
1323	  15 -8
1324	  15 -7
1325	  16 -7
1326	  15 -8
1327	  14 -8
1328	  14 -8
1329	  14 -8
1330	  14 -8
1331	  14 -8
1332	  14 -8
1333	  14 -8
1334	  14 -7
1335	  14 -7
1336	  13 -8
1337	  13 -8
1338	  13 -7
1339	  13 -7
1340	  13 -7
1341	  12 -7
1342	  13 -7
1343	  12 -7
1344	  12 -7
1345	  12 -8
1346	  12 -7
1347	  12 -9
1348	  12 -8
1349	  11 -8
1350	  11 -10
1351	  11 -7
1352	  10 -9
1353	  10 -9
1354	  11 -8
1355	  10 -9
1356	  11 -9
1357	  10 -9
1358	  10 -9
1359	  9 -8
1360	  10 -8
1361	  9 -10
1362	  9 -9
1363	  10 -8
1364	  9 -8
1365	  9 -8
1366	  9 -8
1367	  9 -9
1368	  9 -8
1369	  8 -8
1370	  9 -8
1371	  8 -8
1372	  8 -8
1373	  8 -8
1374	  8 -8
1375	  7 -8
1376	  8 -8
1377	  8 -8
1378	  8 -9
1379	  8 -8
1380	  7 -9
1381	  7 -9
1382	  7 -8
1383	  7 -9
1384	  7 -9
1385	  7 -9
1386	  7 -8
1387	  6 -8
1388	  6 -8
1389	  6 -8
1390	  6 -8
1391	  6 -7
1392	  5 -7
1393	  6 -7
1394	  6 -7
1395	  6 -7
1396	  5 -8
1397	  5 -8
1398	  6 -8
1399	  5 -8
1400	  5 -8
1401	  5 -8
1402	  5 -8
1403	  5 -8
1404	  4 -8
1405	  4 -8
1406	  5 -8
1407	  5 -8
1408	  5 -8
1409	  4 -8
1410	  4 -8
1411	  4 -8
1412	  4 -8
1413	  4 -9
1414	  4 -9
1415	  3 -8
1416	  4 -8
1417	  4 -8
1418	  3 -9
1419	  3 -9
1420	  3 -9
1421	  4 -9
1422	  3 -8
1423	  3 -9
1424	  3 -9
1425	  3 -8
1426	  3 -7
1427	  3 -8
1428	  3 -9
1429	  3 -7
1430	  3 -7
1431	  2 -7
1432	  2 -8
1433	  3 -7
1434	  3 -7
1435	  2 -7
1436	  2 -7
1437	  2 -7
1438	  2 -7
1439	  2 -7
1440	  2 -8
1441	  2 -8
1442	  2 -7
1443	  2 -7
1444	  2 -8
1445	  2 -8
1446	  2 -8
1447	  2 -8
1448	  1 -8
1449	  1 -8
1450	  1 -8
1451	  1 -8
1452	  2 -8
1453	  1 -8
1454	  1 -8
1455	  1 -8
1456	  1 -8
1457	  1 -8
1458	  1 -8
1459	  1 -8
1460	  0 -8
1461	  0 -7
1462	  0 -6
1463	  0 -6
1464	  0 -6
1465	  0 -6
1466	  1 -6
1467	  0 -6
1468	  1 -5
1469	  1 -5
1470	  1 -5
1471	  0 -4
1472	  0 -3
1473	  0 -3
1474	  1 -2
1475	  0 -2
1476	  1 -4
1477	  0 -4
1478	  0 -3
1479	  1 -2
1480	  0 -4
1481	  0 -4
1482	  0 -2
1483	  0 -3
1484	  1 -4
1485	  0 -3
1486	  0 -3
1487	  1 -2
1488	  0 -2
1489	  0 -3
1490	  0 -2
1491	  0 -2
1492	  0 -1
1493	  0 -1
1494	  0 -3
1495	  0 -2
1496	  0 0
1497	  0 -1
1498	  0 -2
1499	  0 -1
1500	  0 0
1501	  0 -1
1502	  0 -1
1503	  0 0
1504	  0 0
1505	  0 0
1506	  0 0
1507	  0 0
1508	  0 0
1509	  0 0
1510	  0 0
1511	  0 0
1512	  0 0
1513	  0 0
1514	  0 0
1515	  0 0
1516	  0 0
1517	  0 0
1518	  0 0
1519	  0 0
1520	  1 0
1521	  0 -1
1522	  0 -1
1523	  0 0
1524	  1 0
1525	  0 -1
1526	  0 -1
1527	  0 -1
1528	  1 -1
1529	  0 -1
1530	  0 -2
1531	  0 -2
1532	  0 -1
1533	  1 0
1534	  1 -3
1535	  0 -5
1536	  0 -2
1537	  1 0
1538	  1 -3
1539	  1 -4
1540	  1 -3
1541	  1 -4
1542	  1 -4
1543	  0 -4
1544	  1 -4
1545	  1 -4
1546	  1 -4
1547	  1 -6
1548	  1 -8
1549	  1 -7
1550	  1 -5
1551	  1 -6
1552	  2 -8
1553	  1 -7
1554	  2 -7
1555	  2 -8
1556	  2 -8
1557	  1 -7
1558	  1 -7
1559	  2 -8
1560	  2 -8
1561	  2 -8
1562	  2 -8
1563	  1 -8
1564	  2 -8
1565	  2 -8
1566	  2 -8
1567	  3 -8
1568	  3 -8
1569	  2 -8
1570	  3 -8
1571	  2 -8
1572	  3 -8
1573	  3 -8
1574	  2 -8
1575	  3 -8
1576	  3 -7
1577	  3 -7
1578	  3 -8
1579	  3 -7
1580	  3 -8
1581	  3 -7
1582	  3 -7
1583	  3 -8
1584	  3 -7
1585	  3 -7
1586	  3 -7
1587	  3 -7
1588	  4 -7
1589	  4 -7
1590	  4 -7
1591	  4 -7
1592	  5 -7
1593	  5 -7
1594	  4 -7
1595	  4 -8
1596	  5 -8
1597	  4 -8
1598	  5 -8
1599	  5 -9
1600	  5 -9
1601	  5 -8
1602	  5 -8
1603	  5 -9
1604	  5 -9
1605	  6 -8
1606	  6 -9
1607	  6 -8
1608	  6 -8
1609	  6 -8
1610	  6 -8
1611	  6 -8
1612	  6 -8
1613	  7 -8
1614	  7 -8
1615	  6 -8
1616	  7 -8
1617	  7 -8
1618	  7 -8
1619	  7 -8
1620	  7 -8
1621	  7 -8
1622	  7 -7
1623	  7 -7
1624	  8 -8
1625	  7 -7
1626	  8 -7
1627	  8 -7
1628	  8 -7
1629	  9 -7
1630	  8 -7
1631	  9 -8
1632	  9 -7
1633	  9 -8
1634	  9 -8
1635	  9 -9
1636	  9 -8
1637	  10 -9
1638	  9 -8
1639	  9 -9
1640	  9 -8
1641	  10 -8
1642	  10 -8
1643	  10 -8
1644	  10 -8
1645	  11 -8
1646	  11 -8
1647	  11 -8
1648	  11 -8
1649	  11 -8
1650	  11 -8
1651	  11 -8
1652	  12 -9
1653	  12 -9
1654	  11 -8
1655	  12 -8
1656	  12 -9
1657	  12 -9
1658	  12 -9
1659	  12 -9
1660	  13 -9
1661	  13 -9
1662	  12 -9
1663	  13 -9
1664	  13 -8
1665	  13 -8
1666	  13 -8
1667	  14 -7
1668	  14 -9
1669	  14 -7
1670	  14 -7
1671	  14 -9
1672	  14 -6
1673	  14 -7
1674	  15 -8
1675	  15 -7
1676	  15 -7
1677	  15 -7
1678	  15 -7
1679	  16 -7
1680	  15 -7
1681	  16 -8
1682	  16 -8
1683	  16 -7
1684	  16 -7
1685	  16 -8
1686	  17 -8
1687	  17 -8
1688	  17 -8
1689	  17 -8
1690	  18 -8
1691	  18 -8
1692	  17 -8
1693	  18 -8
1694	  18 -8
1695	  18 -7
1696	  19 -7
1697	  19 -8
1698	  19 -8
1699	  20 -7
1700	  19 -8
1701	  19 -9
1702	  19 -9
1703	  20 -8
1704	  20 -9
1705	  21 -8
1706	  20 -8
1707	  21 -8
1708	  20 -8
1709	  21 -8
1710	  21 -8
1711	  21 -8
1712	  21 -8
1713	  22 -8
1714	  22 -7
1715	  22 -8
1716	  22 -7
1717	  23 -8
1718	  23 -7
1719	  23 -7
1720	  23 -8
1721	  23 -8
1722	  24 -8
1723	  23 -9
1724	  24 -9
1725	  24 -10
1726	  25 -9
1727	  25 -9
1728	  25 -10
1729	  25 -10
1730	  26 -10
1731	  26 -10
1732	  25 -10
1733	  25 -11
1734	  26 -11
1735	  26 -10
1736	  26 -11
1737	  26 -12
1738	  27 -12
1739	  27 -12
1740	  27 -11
1741	  28 -11
1742	  28 -10
1743	  28 -10
1744	  28 -11
1745	  28 -11
1746	  29 -10
1747	  29 -9
1748	  30 -9
1749	  30 -9
1750	  29 -9
1751	  30 -9
1752	  30 -9
1753	  31 -10
1754	  30 -10
1755	  31 -9
1756	  31 -9
1757	  31 -10
1758	  32 -10
1759	  32 -10
1760	  32 -10
1761	  32 -9
1762	  32 -8
1763	  33 -9
1764	  33 -8
1765	  33 -8
1766	  33 -8
1767	  34 -8
1768	  34 -8
1769	  34 -8
1770	  34 -9
1771	  34 -8
1772	  35 -7
1773	  35 -7
1774	  35 -8
1775	  36 -8
1776	  35 -8
1777	  36 -8
1778	  36 -8
1779	  36 -8
1780	  37 -8
1781	  37 -7
1782	  37 -9
1783	  37 -8
1784	  38 -9
1785	  38 -9
1786	  38 -10
1787	  38 -9
1788	  39 -11
1789	  39 -10
1790	  39 -11
1791	  39 -11
1792	  40 -10
1793	  40 -10
1794	  40 -10
1795	  40 -10
1796	  41 -10
1797	  41 -9
1798	  41 -9
1799	  41 -10
1800	  41 -9
1801	  42 -9
1802	  42 -9
1803	  43 -10
1804	  42 -10
1805	  43 -9
1806	  43 -9
1807	  43 -9
1808	  43 -8
1809	  44 -9
1810	  44 -9
1811	  45 -8
1812	  45 -8
1813	  45 -9
1814	  46 -9
1815	  45 -8
1816	  46 -9
1817	  47 -9
1818	  46 -11
1819	  47 -9
1820	  47 -10
1821	  47 -10
1822	  47 -10
1823	  47 -10
1824	  48 -11
1825	  49 -10
1826	  49 -10
1827	  49 -11
1828	  49 -11
1829	  50 -10
1830	  49 -11
1831	  50 -11
1832	  51 -11
1833	  51 -12
1834	  50 -11
1835	  51 -12
1836	  51 -13
1837	  52 -12
1838	  52 -13
1839	  52 -13
1840	  52 -14
1841	  53 -11
1842	  52 -12
1843	  53 -12
1844	  53 -11
1845	  54 -11
1846	  54 -11
1847	  55 -11
1848	  55 -11
1849	  55 -10
1850	  55 -9
1851	  56 -10
1852	  56 -10
1853	  56 -10
1854	  57 -10
1855	  57 -10
1856	  57 -10
1857	  57 -10
1858	  58 -10
1859	  58 -10
1860	  58 -10
1861	  59 -11
1862	  59 -11
1863	  59 -10
1864	  59 -10
1865	  60 -11
1866	  59 -11
1867	  60 -11
1868	  60 -11
1869	  61 -11
1870	  61 -10
1871	  62 -10
1872	  61 -10
1873	  62 -10
1874	  63 -10
1875	  62 -10
1876	  63 -11
1877	  63 -12
1878	  63 -11
1879	  63 -12
1880	  64 -13
1881	  64 -13
1882	  65 -13
1883	  64 -11
1884	  65 -11
1885	  65 -10
1886	  66 -9
1887	  66 -9
1888	  67 -9
1889	  67 -10
1890	  66 -9
1891	  67 -10
1892	  68 -9
1893	  68 -9
1894	  68 -8
1895	  68 -8
1896	  69 -8
1897	  69 -9
1898	  69 -8
1899	  69 -10
1900	  70 -10
1901	  71 -10
1902	  70 -10
1903	  70 -11
1904	  71 -11
1905	  71 -11
1906	  72 -11
1907	  73 -11
1908	  72 -11
1909	  73 -10
1910	  73 -10
1911	  73 -10
1912	  73 -10
1913	  74 -11
1914	  74 -11
1915	  74 -11
1916	  75 -11
1917	  75 -12
1918	  76 -12
1919	  75 -12
1920	  76 -12
1921	  77 -13
1922	  77 -12
1923	  77 -14
1924	  77 -14
1925	  78 -13
1926	  78 -13
1927	  78 -13
1928	  78 -14
1929	  79 -13
1930	  79 -13
1931	  79 -13
1932	  80 -13
1933	  80 -12
1934	  80 -11
1935	  81 -11
1936	  81 -12
1937	  81 -12
1938	  82 -12
1939	  82 -12
1940	  82 -13
1941	  82 -12
1942	  83 -12
1943	  83 -12
1944	  84 -12
1945	  84 -13
1946	  84 -13
1947	  84 -12
1948	  85 -12
1949	  85 -13
1950	  85 -13
1951	  86 -13
1952	  86 -13
1953	  86 -12
1954	  86 -12
1955	  87 -12
1956	  87 -11
1957	  87 -11
1958	  88 -12
1959	  88 -13
1960	  89 -12
1961	  88 -13
1962	  89 -14
1963	  90 -14
1964	  89 -14
1965	  90 -14
1966	  91 -15
1967	  91 -14
1968	  91 -14
1969	  92 -13
1970	  92 -14
1971	  92 -14
1972	  93 -12
1973	  92 -14
1974	  93 -13
1975	  94 -12
1976	  94 -14
1977	  94 -13
1978	  95 -12
1979	  95 -13
1980	  95 -12
1981	  95 -13
1982	  95 -13
1983	  96 -14
1984	  96 -12
1985	  96 -13
1986	  97 -12
1987	  98 -12
1988	  98 -12
1989	  97 -12
1990	  99 -12
1991	  98 -12
1992	  98 -11
1993	  99 -12
1994	  99 -12
1995	  99 -13
1996	  100 -11
1997	  100 -12
1998	  101 -14
1999	  101 -12
2000	  101 -13
2001	  101 -13
2002	  102 -13
2003	  102 -14
2004	  102 -14
2005	  103 -13
2006	  104 -13
2007	  103 -14
2008	  103 -14
2009	  105 -13
2010	  105 -13
2011	  105 -11
2012	  105 -11
2013	  106 -12
2014	  106 -11
2015	  106 -10
2016	  106 -12
2017	  107 -12
2018	  107 -10
2019	  108 -10
2020	  108 -11
2021	  108 -11
2022	  108 -10
2023	  109 -10
2024	  109 -11
2025	  109 -11
2026	  109 -11
2027	  109 -11
2028	  110 -11
2029	  111 -11
2030	  111 -12
2031	  111 -12
2032	  112 -13
2033	  111 -13
2034	  112 -13
2035	  112 -13
2036	  113 -15
2037	  113 -14
2038	  113 -15
2039	  113 -15
2040	  114 -16
2041	  115 -15
2042	  115 -17
2043	  115 -16
2044	  115 -16
2045	  116 -16
2046	  116 -16
2047	  116 -17
2048	  116 -17
2049	  116 -15
2050	  117 -15
2051	  118 -16
2052	  117 -16
2053	  118 -16
2054	  119 -15
2055	  119 -15
2056	  119 -15
2057	  120 -14
2058	  120 -15
2059	  120 -14
2060	  120 -14
2061	  121 -15
2062	  121 -15
2063	  121 -14
2064	  122 -15
2065	  122 -15
2066	  122 -14
2067	  123 -14
2068	  123 -15
2069	  123 -15
2070	  124 -15
2071	  123 -15
2072	  124 -17
2073	  124 -16
2074	  125 -17
2075	  125 -17
2076	  126 -17
2077	  125 -17
2078	  126 -17
2079	  126 -16
2080	  126 -17
2081	  127 -17
2082	  128 -17
2083	  127 -17
2084	  128 -17
2085	  128 -16
2086	  128 -17
2087	  129 -15
2088	  129 -14
2089	  130 -14
2090	  130 -13
2091	  130 -12
2092	  130 -13
2093	  131 -12
2094	  131 -12
2095	  132 -12
2096	  132 -12
2097	  132 -11
2098	  132 -12
2099	  132 -12
2100	  132 -12
2101	  133 -12
2102	  133 -13
2103	  133 -13
2104	  134 -13
2105	  134 -13
2106	  135 -14
2107	  135 -14
2108	  135 -14
2109	  135 -14
2110	  136 -13
2111	  136 -13
2112	  136 -13
2113	  137 -13
2114	  136 -14
2115	  137 -13
2116	  137 -14
2117	  137 -15
2118	  138 -15
2119	  138 -15
2120	  138 -15
2121	  139 -16
2122	  139 -15
2123	  139 -16
2124	  140 -15
2125	  141 -16
2126	  140 -16
2127	  141 -16
2128	  141 -17
2129	  142 -16
2130	  142 -16
2131	  142 -14
2132	  143 -16
2133	  142 -15
2134	  143 -14
2135	  143 -15
2136	  144 -14
2137	  144 -13
2138	  144 -14
2139	  144 -14
2140	  145 -13
2141	  145 -13
2142	  145 -14
2143	  146 -14
2144	  145 -13
2145	  146 -14
2146	  146 -14
2147	  146 -14
2148	  147 -14
2149	  147 -13
2150	  148 -15
2151	  148 -14
2152	  148 -15
2153	  149 -15
2154	  148 -16
2155	  149 -15
2156	  149 -17
2157	  149 -16
2158	  150 -17
2159	  150 -17
2160	  150 -17
2161	  150 -17
2162	  151 -17
2163	  151 -18
2164	  151 -17
2165	  151 -18
2166	  152 -18
2167	  152 -18
2168	  153 -18
2169	  153 -19
2170	  153 -19
2171	  153 -18
2172	  153 -18
2173	  154 -19
2174	  154 -19
2175	  154 -20
2176	  154 -20
2177	  155 -18
2178	  155 -18
2179	  155 -18
2180	  156 -18
2181	  156 -18
2182	  157 -18
2183	  157 -18
2184	  156 -18
2185	  157 -17
2186	  157 -16
2187	  158 -16
2188	  158 -16
2189	  159 -17
2190	  158 -17
2191	  159 -15
2192	  159 -16
2193	  160 -18
2194	  160 -17
2195	  160 -16
2196	  160 -16
2197	  160 -17
2198	  161 -15
2199	  161 -18
2200	  161 -16
2201	  162 -17
2202	  162 -17
2203	  162 -17
2204	  162 -17
2205	  163 -18
2206	  163 -18
2207	  163 -17
2208	  163 -17
2209	  163 -18
2210	  164 -18
2211	  164 -18
2212	  164 -18
2213	  164 -18
2214	  164 -17
2215	  165 -17
2216	  165 -17
2217	  166 -18
2218	  165 -18
2219	  165 -18
2220	  166 -18
2221	  167 -19
2222	  167 -19
2223	  166 -19
2224	  167 -18
2225	  168 -17
2226	  168 -17
2227	  168 -17
2228	  168 -16
2229	  168 -17
2230	  169 -15
2231	  169 -15
2232	  169 -17
2233	  169 -15
2234	  169 -15
2235	  169 -16
2236	  170 -16
2237	  170 -16
2238	  171 -16
2239	  170 -15
2240	  171 -15
2241	  171 -15
2242	  172 -15
2243	  172 -14
2244	  172 -15
2245	  172 -15
2246	  172 -15
2247	  173 -14
2248	  172 -17
2249	  173 -16
2250	  174 -16
2251	  173 -17
2252	  173 -17
2253	  174 -18
2254	  174 -17
2255	  175 -18
2256	  175 -17
2257	  175 -18
2258	  175 -17
2259	  175 -17
2260	  176 -17
2261	  175 -17
2262	  176 -18
2263	  176 -18
2264	  177 -17
2265	  177 -17
2266	  177 -18
2267	  177 -18
2268	  177 -18
2269	  177 -18
2270	  177 -18
2271	  178 -18
2272	  178 -18
2273	  178 -17
2274	  178 -17
2275	  179 -17
2276	  179 -17
2277	  179 -17
2278	  179 -18
2279	  180 -18
2280	  180 -18
2281	  180 -18
2282	  180 -19
2283	  181 -18
2284	  181 -17
2285	  181 -16
2286	  181 -16
2287	  181 -16
2288	  181 -16
2289	  182 -16
2290	  182 -16
2291	  181 -15
2292	  182 -14
2293	  182 -14
2294	  182 -14
2295	  183 -14
2296	  183 -15
2297	  183 -16
2298	  183 -15
2299	  184 -16
2300	  184 -17
2301	  184 -17
2302	  184 -16
2303	  184 -18
2304	  184 -17
2305	  184 -18
2306	  184 -18
2307	  185 -18
2308	  185 -18
2309	  185 -19
2310	  185 -19
2311	  185 -19
2312	  186 -19
2313	  186 -19
2314	  186 -20
2315	  187 -20
2316	  186 -20
2317	  187 -19
2318	  187 -21
2319	  187 -21
2320	  187 -21
2321	  188 -21
2322	  188 -21
2323	  188 -21
2324	  188 -20
2325	  188 -21
2326	  188 -20
2327	  189 -20
2328	  189 -20
2329	  189 -20
2330	  189 -20
2331	  189 -20
2332	  189 -20
2333	  190 -20
2334	  190 -21
2335	  190 -21
2336	  190 -20
2337	  190 -20
2338	  190 -21
2339	  191 -21
2340	  191 -21
2341	  191 -21
2342	  190 -21
2343	  191 -21
2344	  191 -21
2345	  191 -21
2346	  191 -21
2347	  192 -21
2348	  191 -20
2349	  192 -20
2350	  192 -19
2351	  192 -20
2352	  192 -19
2353	  192 -17
2354	  193 -18
2355	  193 -17
2356	  193 -17
2357	  193 -17
2358	  193 -17
2359	  193 -16
2360	  193 -16
2361	  194 -17
2362	  194 -16
2363	  194 -16
2364	  194 -16
2365	  194 -17
2366	  194 -17
2367	  194 -17
2368	  194 -17
2369	  194 -18
2370	  194 -17
2371	  194 -17
2372	  195 -17
2373	  195 -17
2374	  195 -17
2375	  195 -17
2376	  195 -17
2377	  196 -17
2378	  196 -17
2379	  196 -17
2380	  196 -17
2381	  196 -17
2382	  196 -17
2383	  196 -17
2384	  196 -18
2385	  196 -19
2386	  196 -18
2387	  197 -19
2388	  197 -20
2389	  197 -20
2390	  197 -20
2391	  197 -20
2392	  197 -20
2393	  197 -20
2394	  198 -20
2395	  197 -20
2396	  198 -20
2397	  198 -20
2398	  198 -20
2399	  198 -20
2400	  198 -20
2401	  198 -20
2402	  198 -20
2403	  198 -19
2404	  199 -20
2405	  199 -19
2406	  199 -19
2407	  199 -19
2408	  199 -19
2409	  199 -19
2410	  199 -19
2411	  199 -19
2412	  199 -19
2413	  200 -19
2414	  199 -19
2415	  200 -19
2416	  199 -19
2417	  200 -19
2418	  200 -19
2419	  200 -19
2420	  199 -20
2421	  200 -19
2422	  200 -19
2423	  200 -19
2424	  200 -20
2425	  201 -20
2426	  200 -20
2427	  200 -18
2428	  200 -20
2429	  201 -21
2430	  201 -20
2431	  201 -19
2432	  200 -20
2433	  201 -20
2434	  201 -20
2435	  201 -20
2436	  201 -20
2437	  201 -20
2438	  201 -20
2439	  201 -20
2440	  201 -20
2441	  202 -20
2442	  201 -20
2443	  202 -20
2444	  202 -20
2445	  201 -20
2446	  202 -20
2447	  202 -20
2448	  202 -20
2449	  202 -20
2450	  202 -19
2451	  202 -20
2452	  202 -19
2453	  202 -19
2454	  202 -20
2455	  202 -19
2456	  202 -19
2457	  202 -19
2458	  203 -19
2459	  202 -19
2460	  203 -19
2461	  202 -19
2462	  202 -19
2463	  202 -19
2464	  202 -19
2465	  203 -20
2466	  203 -19
2467	  202 -20
2468	  202 -19
2469	  203 -20
2470	  203 -19
2471	  203 -20
2472	  203 -20
2473	  203 -20
2474	  203 -19
2475	  203 -19
2476	  203 -21
2477	  203 -21
2478	  203 -20
2479	  203 -20
2480	  203 -21
2481	  203 -21
2482	  203 -21
2483	  203 -21
2484	  203 -21
2485	  203 -21
2486	  203 -21
2487	  203 -21
2488	  203 -21
2489	  203 -21
2490	  203 -21
2491	  203 -21
2492	  203 -21
2493	  203 -21
2494	  203 -21
2495	  203 -21
2496	  203 -21
2497	  204 -21
2498	  203 -21
2499	  203 -21
2500	  203 -21
2501	  203 -21
2502	  203 -21
2503	  203 -21
2504	  203 -21
2505	  203 -21
2506	  203 -20
2507	  203 -21
2508	  203 -21
2509	  203 -21
2510	  204 -21
2511	  203 -21
2512	  204 -21
2513	  203 -21
2514	  204 -21
2515	  204 -21
2516	  203 -21
2517	  203 -21
2518	  204 -21
2519	  203 -20
2520	  203 -21
2521	  203 -20
2522	  203 -21
2523	  203 -20
2524	  203 -20
2525	  203 -21
2526	  202 -21
2527	  203 -20
2528	  203 -21
2529	  202 -21
2530	  202 -21
2531	  203 -21
2532	  203 -21
2533	  203 -20
2534	  203 -21
2535	  202 -21
2536	  202 -20
2537	  202 -19
2538	  203 -21
2539	  202 -21
2540	  202 -20
2541	  202 -20
2542	  203 -20
2543	  202 -20
2544	  202 -20
2545	  203 -21
2546	  202 -19
2547	  202 -19
2548	  202 -19
2549	  202 -21
2550	  202 -19
2551	  202 -19
2552	  202 -20
2553	  201 -20
2554	  201 -19
2555	  202 -19
2556	  202 -20
2557	  201 -19
2558	  201 -19
2559	  202 -19
2560	  201 -19
2561	  201 -19
2562	  201 -20
2563	  201 -20
2564	  201 -19
2565	  201 -19
2566	  201 -20
2567	  201 -20
2568	  201 -19
2569	  201 -20
2570	  201 -20
2571	  201 -20
2572	  201 -20
2573	  201 -20
2574	  201 -20
2575	  200 -20
2576	  200 -20
2577	  201 -20
2578	  201 -20
2579	  200 -20
2580	  200 -20
2581	  201 -20
2582	  200 -20
2583	  200 -20
2584	  199 -20
2585	  199 -20
2586	  200 -20
2587	  199 -20
2588	  199 -20
2589	  200 -20
2590	  200 -20
2591	  199 -19
2592	  199 -19
2593	  199 -21
2594	  199 -20
2595	  199 -18
2596	  199 -20
2597	  198 -21
2598	  199 -18
2599	  199 -18
2600	  198 -20
2601	  198 -20
2602	  198 -19
2603	  198 -19
2604	  198 -19
2605	  198 -19
2606	  198 -19
2607	  198 -19
2608	  198 -19
2609	  197 -19
2610	  198 -19
2611	  198 -19
2612	  197 -19
2613	  197 -19
2614	  197 -19
2615	  197 -19
2616	  196 -19
2617	  197 -19
2618	  196 -20
2619	  196 -19
2620	  196 -19
2621	  196 -20
2622	  196 -20
2623	  196 -20
2624	  196 -20
2625	  196 -20
2626	  196 -20
2627	  195 -20
2628	  195 -20
2629	  195 -20
2630	  195 -20
2631	  195 -20
2632	  195 -20
2633	  195 -20
2634	  195 -19
2635	  195 -18
2636	  194 -19
2637	  194 -18
2638	  194 -17
2639	  194 -17
2640	  193 -17
2641	  193 -17
2642	  193 -17
2643	  193 -17
2644	  193 -17
2645	  193 -17
2646	  193 -17
2647	  193 -17
2648	  193 -17
2649	  192 -18
2650	  192 -18
2651	  192 -18
2652	  192 -18
2653	  191 -18
2654	  192 -18
2655	  191 -18
2656	  192 -18
2657	  191 -18
2658	  192 -18
2659	  191 -19
2660	  191 -17
2661	  190 -18
2662	  191 -17
2663	  190 -19
2664	  191 -17
2665	  190 -19
2666	  190 -19
2667	  189 -19
2668	  189 -19
2669	  189 -19
2670	  189 -20
2671	  189 -19
2672	  189 -21
2673	  189 -20
2674	  189 -21
2675	  188 -21
2676	  188 -21
2677	  188 -21
2678	  188 -21
2679	  188 -21
2680	  187 -21
2681	  188 -21
2682	  187 -20
2683	  187 -20
2684	  187 -21
2685	  186 -21
2686	  186 -19
2687	  187 -19
2688	  186 -20
2689	  186 -19
2690	  186 -19
2691	  186 -19
2692	  185 -19
2693	  185 -19
2694	  185 -20
2695	  185 -20
2696	  185 -19
2697	  185 -20
2698	  184 -20
2699	  184 -20
2700	  184 -20
2701	  184 -20
2702	  183 -20
2703	  183 -20
2704	  183 -20
2705	  183 -19
2706	  183 -19
2707	  182 -20
2708	  182 -20
2709	  182 -18
2710	  182 -18
2711	  182 -18
2712	  182 -18
2713	  182 -18
2714	  181 -18
2715	  182 -17
2716	  181 -18
2717	  181 -17
2718	  181 -17
2719	  180 -17
2720	  180 -17
2721	  180 -15
2722	  180 -16
2723	  180 -15
2724	  179 -15
2725	  179 -14
2726	  179 -15
2727	  178 -14
2728	  178 -16
2729	  178 -16
2730	  178 -17
2731	  178 -17
2732	  178 -17
2733	  177 -17
2734	  178 -17
2735	  177 -17
2736	  176 -19
2737	  176 -19
2738	  176 -19
2739	  176 -19
2740	  176 -18
2741	  176 -19
2742	  176 -18
2743	  175 -18
2744	  175 -17
2745	  174 -19
2746	  175 -18
2747	  175 -18
2748	  174 -18
2749	  174 -18
2750	  174 -18
2751	  174 -18
2752	  173 -17
2753	  173 -18
2754	  173 -19
2755	  172 -17
2756	  173 -16
2757	  172 -18
2758	  172 -18
2759	  172 -17
2760	  171 -17
2761	  171 -17
2762	  171 -17
2763	  171 -17
2764	  171 -18
2765	  171 -17
2766	  170 -18
2767	  169 -18
2768	  170 -18
2769	  170 -18
2770	  169 -18
2771	  168 -19
2772	  169 -19
2773	  168 -18
2774	  168 -17
2775	  168 -18
2776	  168 -17
2777	  167 -16
2778	  167 -16
2779	  167 -16
2780	  167 -17
2781	  167 -15
2782	  166 -16
2783	  166 -16
2784	  165 -15
2785	  165 -15
2786	  165 -16
2787	  165 -16
2788	  165 -16
2789	  165 -16
2790	  164 -16
2791	  164 -17
2792	  163 -17
2793	  163 -17
2794	  163 -18
2795	  163 -18
2796	  163 -18
2797	  163 -18
2798	  163 -18
2799	  162 -18
2800	  162 -17
2801	  161 -17
2802	  161 -17
2803	  161 -16
2804	  161 -16
2805	  160 -16
2806	  160 -16
2807	  160 -16
2808	  160 -17
2809	  159 -17
2810	  159 -17
2811	  158 -17
2812	  158 -17
2813	  159 -17
2814	  158 -18
2815	  157 -18
2816	  157 -17
2817	  157 -17
2818	  157 -17
2819	  157 -16
2820	  157 -17
2821	  156 -17
2822	  156 -16
2823	  155 -18
2824	  155 -17
2825	  155 -17
2826	  154 -17
2827	  155 -17
2828	  154 -16
2829	  153 -16
2830	  154 -17
2831	  153 -17
2832	  153 -16
2833	  153 -17
2834	  152 -16
2835	  152 -19
2836	  152 -17
2837	  152 -19
2838	  152 -19
2839	  151 -19
2840	  151 -19
2841	  150 -19
2842	  150 -18
2843	  151 -20
2844	  149 -20
2845	  149 -19
2846	  149 -19
2847	  149 -19
2848	  149 -19
2849	  148 -19
2850	  148 -20
2851	  148 -19
2852	  147 -18
2853	  148 -19
2854	  147 -19
2855	  147 -18
2856	  147 -18
2857	  146 -18
2858	  146 -19
2859	  145 -17
2860	  145 -17
2861	  145 -17
2862	  145 -17
2863	  144 -17
2864	  144 -17
2865	  143 -16
2866	  144 -16
2867	  144 -15
2868	  143 -15
2869	  143 -15
2870	  143 -14
2871	  142 -13
2872	  142 -14
2873	  142 -14
2874	  141 -14
2875	  141 -14
2876	  140 -14
2877	  140 -14
2878	  140 -13
2879	  140 -13
2880	  140 -15
2881	  139 -15
2882	  139 -14
2883	  138 -14
2884	  138 -14
2885	  138 -15
2886	  138 -15
2887	  138 -15
2888	  137 -16
2889	  136 -16
2890	  137 -15
2891	  136 -15
2892	  136 -16
2893	  136 -16
2894	  135 -15
2895	  135 -15
2896	  135 -15
2897	  135 -15
2898	  134 -16
2899	  133 -15
2900	  133 -16
2901	  133 -15
2902	  133 -15
2903	  133 -15
2904	  133 -15
2905	  132 -14
2906	  131 -13
2907	  131 -14
2908	  131 -13
2909	  131 -13
2910	  131 -13
2911	  131 -13
2912	  130 -13
2913	  129 -12
2914	  129 -13
2915	  129 -13
2916	  128 -13
2917	  128 -12
2918	  128 -12
2919	  128 -12
2920	  127 -12
2921	  127 -13
2922	  127 -13
2923	  126 -13
2924	  126 -14
2925	  126 -15
2926	  125 -16
2927	  125 -15
2928	  125 -15
2929	  124 -16
2930	  124 -16
2931	  124 -15
2932	  123 -16
2933	  124 -17
2934	  123 -17
2935	  122 -18
2936	  122 -17
2937	  122 -17
2938	  122 -17
2939	  122 -17
2940	  122 -16
2941	  121 -17
2942	  121 -16
2943	  120 -17
2944	  120 -17
2945	  120 -17
2946	  119 -17
2947	  118 -17
2948	  118 -17
2949	  118 -16
2950	  118 -16
2951	  118 -15
2952	  117 -15
2953	  117 -15
2954	  117 -14
2955	  116 -15
2956	  116 -14
2957	  115 -14
2958	  116 -14
2959	  116 -13
2960	  115 -13
2961	  114 -15
2962	  114 -14
2963	  114 -14
2964	  113 -14
2965	  114 -14
2966	  113 -16
2967	  113 -15
2968	  112 -15
2969	  112 -17
2970	  112 -16
2971	  111 -15
2972	  111 -17
2973	  110 -17
2974	  111 -16
2975	  110 -16
2976	  109 -17
2977	  109 -16
2978	  109 -15
2979	  109 -15
2980	  109 -15
2981	  108 -16
2982	  108 -15
2983	  107 -15
2984	  108 -13
2985	  107 -15
2986	  107 -13
2987	  106 -13
2988	  106 -13
2989	  106 -13
2990	  105 -12
2991	  105 -12
2992	  105 -13
2993	  105 -12
2994	  104 -12
2995	  104 -12
2996	  103 -12
2997	  103 -12
2998	  103 -11
2999	  103 -12
3000	  102 -12
3001	  101 -12
3002	  102 -11
3003	  101 -10
3004	  101 -11
3005	  100 -12
3006	  101 -13
3007	  100 -12
3008	  100 -12
3009	  99 -12
3010	  99 -13
3011	  99 -12
3012	  98 -14
3013	  98 -14
3014	  97 -14
3015	  97 -14
3016	  97 -13
3017	  97 -13
3018	  96 -14
3019	  96 -14
3020	  96 -13
3021	  96 -13
3022	  95 -12
3023	  94 -13
3024	  94 -12
3025	  95 -12
3026	  94 -12
3027	  93 -12
3028	  93 -11
3029	  93 -10
3030	  93 -10
3031	  92 -11
3032	  92 -11
3033	  91 -11
3034	  91 -11
3035	  91 -12
3036	  91 -13
3037	  90 -13
3038	  90 -12
3039	  90 -12
3040	  89 -12
3041	  89 -12
3042	  89 -12
3043	  88 -12
3044	  89 -13
3045	  88 -13
3046	  87 -14
3047	  87 -14
3048	  87 -14
3049	  87 -15
3050	  86 -14
3051	  86 -15
3052	  86 -15
3053	  85 -15
3054	  85 -14
3055	  84 -16
3056	  84 -15
3057	  84 -15
3058	  83 -16
3059	  83 -16
3060	  84 -15
3061	  83 -14
3062	  82 -15
3063	  82 -14
3064	  82 -13
3065	  81 -13
3066	  81 -13
3067	  81 -14
3068	  81 -13
3069	  80 -12
3070	  80 -13
3071	  80 -13
3072	  80 -12
3073	  79 -12
3074	  79 -13
3075	  79 -13
3076	  78 -12
3077	  77 -12
3078	  78 -12
3079	  77 -12
3080	  76 -12
3081	  77 -12
3082	  76 -13
3083	  76 -12
3084	  76 -13
3085	  75 -12
3086	  75 -15
3087	  74 -12
3088	  74 -14
3089	  74 -14
3090	  73 -14
3091	  74 -14
3092	  73 -14
3093	  73 -14
3094	  72 -14
3095	  72 -14
3096	  72 -14
3097	  71 -14
3098	  71 -12
3099	  71 -14
3100	  70 -11
3101	  70 -13
3102	  70 -12
3103	  70 -12
3104	  69 -10
3105	  69 -10
3106	  69 -10
3107	  69 -10
3108	  69 -9
3109	  68 -9
3110	  67 -9
3111	  67 -9
3112	  67 -9
3113	  67 -10
3114	  67 -10
3115	  66 -10
3116	  66 -10
3117	  66 -9
3118	  65 -9
3119	  65 -10
3120	  65 -10
3121	  64 -9
3122	  64 -9
3123	  64 -9
3124	  63 -9
3125	  63 -9
3126	  63 -9
3127	  63 -11
3128	  63 -11
3129	  62 -11
3130	  61 -12
3131	  61 -12
3132	  61 -11
3133	  61 -11
3134	  61 -11
3135	  60 -11
3136	  60 -11
3137	  60 -12
3138	  60 -13
3139	  59 -13
3140	  59 -13
3141	  58 -13
3142	  58 -12
3143	  58 -11
3144	  58 -12
3145	  57 -11
3146	  57 -10
3147	  57 -10
3148	  56 -10
3149	  56 -10
3150	  56 -11
3151	  56 -11
3152	  56 -11
3153	  55 -11
3154	  55 -11
3155	  55 -10
3156	  54 -10
3157	  54 -11
3158	  54 -11
3159	  54 -10
3160	  54 -10
3161	  53 -10
3162	  53 -10
3163	  53 -10
3164	  52 -10
3165	  52 -11
3166	  52 -11
3167	  51 -11
3168	  51 -10
3169	  51 -10
3170	  50 -10
3171	  50 -11
3172	  50 -10
3173	  50 -12
3174	  49 -12
3175	  49 -12
3176	  48 -12
3177	  49 -12
3178	  48 -12
3179	  47 -14
3180	  48 -14
3181	  47 -13
3182	  47 -13
3183	  47 -13
3184	  47 -12
3185	  46 -13
3186	  46 -9
3187	  46 -11
3188	  45 -10
3189	  45 -10
3190	  45 -10
3191	  44 -10
3192	  44 -9
3193	  44 -9
3194	  44 -10
3195	  43 -10
3196	  43 -9
3197	  43 -9
3198	  43 -9
3199	  42 -9
3200	  42 -10
3201	  42 -10
3202	  42 -10
3203	  42 -10
3204	  41 -11
3205	  41 -11
3206	  40 -10
3207	  41 -10
3208	  40 -11
3209	  40 -11
3210	  40 -10
3211	  39 -10
3212	  39 -10
3213	  39 -10
3214	  39 -9
3215	  39 -10
3216	  38 -9
3217	  38 -10
3218	  38 -9
3219	  38 -9
3220	  37 -10
3221	  37 -10
3222	  36 -10
3223	  37 -10
3224	  37 -9
3225	  37 -11
3226	  35 -11
3227	  36 -11
3228	  36 -11
3229	  35 -11
3230	  35 -10
3231	  35 -12
3232	  34 -10
3233	  34 -10
3234	  33 -10
3235	  33 -11
3236	  34 -8
3237	  33 -8
3238	  33 -9
3239	  32 -9
3240	  33 -7
3241	  32 -8
3242	  32 -8
3243	  32 -8
3244	  31 -8
3245	  31 -8
3246	  31 -7
3247	  30 -9
3248	  31 -9
3249	  30 -8
3250	  30 -8
3251	  30 -9
3252	  30 -8
3253	  29 -8
3254	  29 -8
3255	  29 -8
3256	  28 -9
3257	  28 -9
3258	  29 -10
3259	  29 -10
3260	  28 -10
3261	  28 -10
3262	  27 -10
3263	  27 -9
3264	  27 -9
3265	  27 -11
3266	  27 -11
3267	  26 -8
3268	  26 -8
3269	  26 -10
3270	  26 -10
3271	  25 -9
3272	  25 -9
3273	  25 -9
3274	  25 -9
3275	  25 -10
3276	  25 -11
3277	  24 -12
3278	  24 -12
3279	  24 -12
3280	  24 -12
3281	  24 -12
3282	  23 -12
3283	  24 -12
3284	  23 -12
3285	  23 -10
3286	  22 -11
3287	  22 -10
3288	  22 -9
3289	  22 -9
3290	  21 -9
3291	  21 -9
3292	  22 -9
3293	  21 -9
3294	  21 -9
3295	  21 -10
3296	  20 -10
3297	  20 -9
3298	  20 -9
3299	  20 -10
3300	  20 -9
3301	  19 -8
3302	  19 -8
3303	  19 -9
3304	  19 -8
3305	  19 -8
3306	  18 -8
3307	  18 -9
3308	  19 -8
3309	  18 -8
3310	  18 -8
3311	  17 -8
3312	  17 -8
3313	  17 -8
3314	  17 -8
3315	  17 -9
3316	  17 -9
3317	  17 -8
3318	  16 -8
3319	  16 -8
3320	  16 -8
3321	  15 -8
3322	  16 -7
3323	  16 -7
3324	  16 -7
3325	  15 -7
3326	  15 -7
3327	  15 -8
3328	  15 -8
3329	  14 -8
3330	  14 -8
3331	  14 -8
3332	  14 -8
3333	  14 -8
3334	  14 -8
3335	  14 -8
3336	  13 -7
3337	  13 -7
3338	  13 -8
3339	  13 -8
3340	  13 -7
3341	  13 -7
3342	  12 -7
3343	  12 -7
3344	  13 -7
3345	  12 -7
3346	  12 -8
3347	  12 -8
3348	  11 -8
3349	  11 -9
3350	  11 -7
3351	  11 -9
3352	  11 -9
3353	  11 -7
3354	  10 -10
3355	  10 -9
3356	  10 -8
3357	  10 -9
3358	  10 -9
3359	  10 -9
3360	  10 -9
3361	  9 -8
3362	  9 -8
3363	  10 -9
3364	  10 -9
3365	  9 -8
3366	  9 -8
3367	  9 -8
3368	  9 -8
3369	  9 -8
3370	  9 -8
3371	  9 -8
3372	  8 -8
3373	  8 -8
3374	  8 -8
3375	  8 -8
3376	  7 -8
3377	  8 -8
3378	  7 -8
3379	  7 -8
3380	  7 -8
3381	  7 -9
3382	  7 -9
3383	  7 -8
3384	  7 -9
3385	  7 -8
3386	  7 -8
3387	  6 -7
3388	  7 -8
3389	  6 -7
3390	  6 -7
3391	  6 -7
3392	  6 -7
3393	  6 -7
3394	  5 -7
3395	  5 -7
3396	  6 -8
3397	  6 -7
3398	  6 -8
3399	  5 -8
3400	  5 -8
3401	  5 -8
3402	  5 -8
3403	  5 -8
3404	  5 -8
3405	  5 -8
3406	  5 -8
3407	  4 -8
3408	  4 -8
3409	  4 -8
3410	  4 -8
3411	  4 -8
3412	  4 -8
3413	  4 -8
3414	  4 -8
3415	  3 -8
3416	  3 -9
3417	  4 -9
3418	  3 -9
3419	  3 -9
3420	  3 -9
3421	  4 -9
3422	  3 -8
3423	  3 -8
3424	  3 -9
3425	  3 -8
3426	  2 -7
3427	  3 -7
3428	  3 -9
3429	  2 -7
3430	  3 -7
3431	  3 -7
3432	  3 -8
3433	  3 -7
3434	  3 -7
3435	  3 -8
3436	  2 -7
3437	  2 -7
3438	  2 -8
3439	  2 -7
3440	  2 -7
3441	  1 -7
3442	  2 -7
3443	  1 -7
3444	  1 -7
3445	  2 -8
3446	  1 -8
3447	  1 -8
3448	  2 -8
3449	  1 -8
3450	  1 -8
3451	  2 -8
3452	  1 -8
3453	  1 -8
3454	  1 -8
3455	  1 -8
3456	  1 -8
3457	  1 -8
3458	  1 -8
3459	  1 -8
3460	  1 -8
3461	  1 -8
3462	  1 -8
3463	  1 -8
3464	  1 -8
3465	  0 -8
3466	  1 -7
3467	  0 -7
3468	  1 -7
3469	  1 -7
3470	  1 -8
3471	  0 -8
3472	  1 -6
3473	  1 -6
3474	  0 -7
3475	  0 -5
3476	  1 -5
3477	  0 -6
3478	  0 -5
3479	  0 -4
3480	  1 -5
3481	  1 -4
3482	  0 -4
3483	  0 -6
3484	  0 -4
3485	  1 -1
3486	  0 -3
3487	  0 -5
3488	  0 -3
3489	  0 -1
3490	  0 -2
3491	  0 -3
3492	  0 -2
3493	  0 -1
3494	  0 -1
3495	  0 -3
3496	  0 -2
3497	  0 0
3498	  0 0
3499	  0 -1
3500	  0 -1
3501	  0 0
3502	  0 0
3503	  0 0
3504	  0 0
3505	  0 0
3506	  0 0
3507	  0 0
3508	  0 0
3509	  0 0
3510	  1 0
3511	  0 -1
3512	  0 -1
3513	  0 0
3514	  0 0
3515	  0 0
3516	  0 0
3517	  0 -1
3518	  0 -1
3519	  0 0
3520	  0 -1
3521	  0 -1
3522	  0 0
3523	  0 0
3524	  1 -1
3525	  1 -2
3526	  1 -2
3527	  1 -2
3528	  1 -2
3529	  1 -2
3530	  0 -2
3531	  1 -2
3532	  1 -3
3533	  1 -4
3534	  1 -5
3535	  1 -6
3536	  0 -6
3537	  1 -4
3538	  0 -5
3539	  1 -7
3540	  0 -6
3541	  0 -6
3542	  1 -6
3543	  1 -6
3544	  1 -6
3545	  1 -6
3546	  1 -6
3547	  1 -6
3548	  1 -5
3549	  1 -6
3550	  1 -6
3551	  1 -5
3552	  2 -6
3553	  1 -7
3554	  1 -7
3555	  2 -6
3556	  1 -7
3557	  1 -8
3558	  1 -8
3559	  1 -8
3560	  2 -8
3561	  2 -8
3562	  1 -8
3563	  2 -8
3564	  2 -8
3565	  2 -8
3566	  2 -8
3567	  2 -8
3568	  2 -8
3569	  2 -8
3570	  2 -8
3571	  2 -8
3572	  2 -8
3573	  3 -8
3574	  3 -8
3575	  3 -8
3576	  3 -8
3577	  3 -8
3578	  3 -8
3579	  3 -8
3580	  3 -8
3581	  3 -8
3582	  3 -7
3583	  3 -7
3584	  3 -7
3585	  4 -7
3586	  3 -7
3587	  4 -7
3588	  4 -7
3589	  4 -7
3590	  4 -7
3591	  4 -7
3592	  4 -8
3593	  4 -7
3594	  4 -8
3595	  4 -8
3596	  4 -9
3597	  5 -8
3598	  4 -9
3599	  4 -9
3600	  5 -9
3601	  5 -9
3602	  5 -9
3603	  5 -9
3604	  5 -9
3605	  5 -9
3606	  6 -8
3607	  5 -9
3608	  5 -9
3609	  6 -8
3610	  6 -8
3611	  6 -8
3612	  6 -8
3613	  6 -8
3614	  6 -8
3615	  6 -8
3616	  7 -8
3617	  7 -8
3618	  7 -8
3619	  7 -8
3620	  7 -8
3621	  8 -8
3622	  7 -8
3623	  7 -8
3624	  7 -8
3625	  8 -7
3626	  8 -7
3627	  8 -7
3628	  8 -8
3629	  8 -7
3630	  8 -7
3631	  8 -7
3632	  8 -9
3633	  9 -8
3634	  9 -8
3635	  9 -8
3636	  9 -9
3637	  9 -9
3638	  10 -9
3639	  9 -9
3640	  10 -9
3641	  10 -9
3642	  10 -8
3643	  10 -8
3644	  10 -8
3645	  10 -8
3646	  10 -8
3647	  10 -8
3648	  10 -8
3649	  11 -8
3650	  11 -8
3651	  11 -8
3652	  11 -8
3653	  11 -8
3654	  12 -8
3655	  11 -8
3656	  11 -9
3657	  12 -9
3658	  12 -8
3659	  12 -8
3660	  13 -9
3661	  13 -9
3662	  13 -9
3663	  13 -9
3664	  13 -8
3665	  13 -8
3666	  13 -7
3667	  14 -7
3668	  13 -8
3669	  13 -7
3670	  14 -8
3671	  14 -8
3672	  14 -7
3673	  14 -7
3674	  14 -7
3675	  14 -7
3676	  15 -7
3677	  15 -7
3678	  15 -7
3679	  15 -7
3680	  16 -7
3681	  16 -7
3682	  16 -7
3683	  16 -8
3684	  17 -8
3685	  16 -7
3686	  16 -7
3687	  17 -8
3688	  16 -8
3689	  17 -8
3690	  17 -8
3691	  18 -8
3692	  17 -8
3693	  18 -7
3694	  18 -8
3695	  18 -8
3696	  18 -7
3697	  19 -8
3698	  19 -8
3699	  19 -7
3700	  19 -8
3701	  19 -8
3702	  20 -9
3703	  20 -8
3704	  19 -9
3705	  20 -9
3706	  20 -8
3707	  20 -8
3708	  20 -8
3709	  21 -8
3710	  21 -8
3711	  22 -8
3712	  22 -8
3713	  22 -8
3714	  22 -8
3715	  22 -8
3716	  22 -8
3717	  23 -8
3718	  23 -8
3719	  23 -8
3720	  23 -8
3721	  23 -8
3722	  23 -9
3723	  23 -9
3724	  24 -9
3725	  24 -10
3726	  24 -10
3727	  25 -10
3728	  24 -10
3729	  24 -10
3730	  25 -10
3731	  26 -10
3732	  25 -10
3733	  26 -10
3734	  26 -11
3735	  26 -10
3736	  26 -9
3737	  26 -10
3738	  26 -12
3739	  27 -9
3740	  27 -10
3741	  27 -11
3742	  27 -11
3743	  28 -10
3744	  28 -11
3745	  28 -10
3746	  28 -10
3747	  29 -10
3748	  29 -9
3749	  30 -9
3750	  29 -9
3751	  30 -9
3752	  29 -9
3753	  30 -9
3754	  30 -10
3755	  30 -10
3756	  31 -9
3757	  31 -9
3758	  31 -10
3759	  32 -10
3760	  32 -10
3761	  32 -10
3762	  32 -9
3763	  33 -9
3764	  32 -9
3765	  33 -8
3766	  33 -8
3767	  33 -8
3768	  34 -8
3769	  34 -8
3770	  34 -9
3771	  34 -8
3772	  35 -7
3773	  34 -8
3774	  35 -8
3775	  35 -7
3776	  35 -8
3777	  35 -8
3778	  36 -8
3779	  36 -8
3780	  36 -8
3781	  37 -7
3782	  36 -8
3783	  37 -8
3784	  37 -7
3785	  37 -9
3786	  38 -9
3787	  38 -9
3788	  38 -9
3789	  38 -11
3790	  39 -9
3791	  39 -12
3792	  39 -10
3793	  40 -11
3794	  39 -10
3795	  40 -11
3796	  40 -9
3797	  40 -10
3798	  41 -10
3799	  41 -9
3800	  41 -10
3801	  42 -9
3802	  42 -9
3803	  42 -9
3804	  42 -10
3805	  43 -9
3806	  43 -10
3807	  43 -9
3808	  44 -9
3809	  43 -9
3810	  44 -8
3811	  44 -8
3812	  44 -9
3813	  45 -9
3814	  45 -8
3815	  45 -8
3816	  45 -9
3817	  46 -9
3818	  47 -9
3819	  46 -10
3820	  47 -10
3821	  47 -11
3822	  47 -10
3823	  47 -10
3824	  47 -10
3825	  48 -11
3826	  48 -10
3827	  49 -10
3828	  49 -11
3829	  49 -11
3830	  50 -10
3831	  49 -11
3832	  50 -11
3833	  50 -11
3834	  51 -11
3835	  50 -12
3836	  51 -11
3837	  51 -13
3838	  52 -12
3839	  52 -13
3840	  52 -13
3841	  53 -14
3842	  53 -12
3843	  53 -12
3844	  53 -12
3845	  54 -11
3846	  54 -11
3847	  54 -11
3848	  54 -11
3849	  55 -11
3850	  55 -9
3851	  55 -9
3852	  55 -10
3853	  56 -10
3854	  56 -10
3855	  56 -10
3856	  57 -11
3857	  57 -11
3858	  58 -10
3859	  58 -10
3860	  58 -10
3861	  59 -10
3862	  59 -10
3863	  59 -11
3864	  59 -11
3865	  59 -10
3866	  60 -10
3867	  60 -11
3868	  60 -11
3869	  61 -11
3870	  61 -10
3871	  61 -10
3872	  61 -10
3873	  61 -10
3874	  62 -10
3875	  63 -10
3876	  62 -11
3877	  63 -12
3878	  63 -11
3879	  64 -12
3880	  63 -13
3881	  64 -13
3882	  64 -12
3883	  64 -12
3884	  65 -11
3885	  66 -10
3886	  66 -10
3887	  66 -9
3888	  66 -9
3889	  67 -9
3890	  66 -9
3891	  67 -9
3892	  67 -9
3893	  68 -9
3894	  68 -7
3895	  68 -8
3896	  68 -8
3897	  68 -8
3898	  69 -8
3899	  70 -9
3900	  70 -11
3901	  70 -11
3902	  71 -10
3903	  70 -10
3904	  70 -11
3905	  71 -11
3906	  71 -11
3907	  72 -11
3908	  72 -10
3909	  73 -10
3910	  72 -10
3911	  73 -10
3912	  73 -10
3913	  74 -10
3914	  74 -11
3915	  74 -12
3916	  75 -11
3917	  75 -11
3918	  75 -12
3919	  76 -12
3920	  75 -12
3921	  76 -13
3922	  76 -12
3923	  77 -14
3924	  77 -14
3925	  77 -14
3926	  77 -14
3927	  78 -15
3928	  78 -14
3929	  78 -14
3930	  79 -13
3931	  79 -13
3932	  80 -13
3933	  80 -13
3934	  80 -13
3935	  80 -12
3936	  81 -11
3937	  81 -12
3938	  81 -12
3939	  82 -12
3940	  82 -12
3941	  82 -12
3942	  83 -12
3943	  82 -12
3944	  83 -12
3945	  83 -12
3946	  84 -13
3947	  84 -13
3948	  84 -12
3949	  85 -12
3950	  85 -13
3951	  85 -13
3952	  86 -13
3953	  86 -13
3954	  86 -13
3955	  87 -12
3956	  87 -12
3957	  87 -11
3958	  87 -11
3959	  88 -12
3960	  88 -13
3961	  89 -12
3962	  89 -13
3963	  89 -14
3964	  89 -14
3965	  90 -14
3966	  90 -14
3967	  91 -15
3968	  91 -15
3969	  91 -14
3970	  91 -14
3971	  91 -13
3972	  92 -14
3973	  93 -14
3974	  92 -13
3975	  93 -13
3976	  93 -13
3977	  94 -12
3978	  94 -13
3979	  94 -13
3980	  94 -14
3981	  95 -12
3982	  95 -13
3983	  96 -13
3984	  96 -14
3985	  96 -13
3986	  97 -12
3987	  97 -12
3988	  98 -12
3989	  98 -12
3990	  98 -12
3991	  98 -12
3992	  99 -11
3993	  99 -12
3994	  99 -12
3995	  100 -12
3996	  100 -12
3997	  100 -12
3998	  101 -13
3999	  101 -13
4000	  101 -13
4001	  101 -13
4002	  101 -14
4003	  102 -14
4004	  102 -13
4005	  102 -13
4006	  103 -14
4007	  103 -14
4008	  104 -14
4009	  104 -14
4010	  104 -13
4011	  104 -13
4012	  105 -11
4013	  105 -11
4014	  106 -11
4015	  106 -12
4016	  106 -12
4017	  106 -11
4018	  107 -10
4019	  107 -11
4020	  107 -11
4021	  108 -11
4022	  107 -11
4023	  109 -10
